# Eleft Eright counts c1_c1 c11_c11 
3.00000E+00 4.00000E+00 1.42317E+03 1.42306E+03 1.17426E-01
4.00000E+00 5.00000E+00 3.33836E+02 3.33801E+02 3.55874E-02
5.00000E+00 6.00000E+00 6.28432E+01 6.28350E+01 8.17038E-03
6.00000E+00 7.00000E+00 2.78588E+00 2.78547E+00 4.12651E-04
7.00000E+00 8.00000E+00 0.00000E+00 0.00000E+00 0.00000E+00
8.00000E+00 9.00000E+00 0.00000E+00 0.00000E+00 0.00000E+00
9.00000E+00 1.00000E+01 0.00000E+00 0.00000E+00 0.00000E+00
1.00000E+01 1.10000E+01 0.00000E+00 0.00000E+00 0.00000E+00
1.10000E+01 1.20000E+01 0.00000E+00 0.00000E+00 0.00000E+00
1.20000E+01 1.30000E+01 0.00000E+00 0.00000E+00 0.00000E+00
1.30000E+01 1.40000E+01 0.00000E+00 0.00000E+00 0.00000E+00
1.40000E+01 1.50000E+01 0.00000E+00 0.00000E+00 0.00000E+00
1.50000E+01 1.60000E+01 0.00000E+00 0.00000E+00 0.00000E+00
1.60000E+01 1.70000E+01 0.00000E+00 0.00000E+00 0.00000E+00
1.70000E+01 1.80000E+01 0.00000E+00 0.00000E+00 0.00000E+00
1.80000E+01 1.90000E+01 0.00000E+00 0.00000E+00 0.00000E+00
1.90000E+01 2.00000E+01 0.00000E+00 0.00000E+00 0.00000E+00
2.00000E+01 2.10000E+01 0.00000E+00 0.00000E+00 0.00000E+00
2.10000E+01 2.20000E+01 0.00000E+00 0.00000E+00 0.00000E+00
2.20000E+01 2.30000E+01 0.00000E+00 0.00000E+00 0.00000E+00
2.30000E+01 2.40000E+01 0.00000E+00 0.00000E+00 0.00000E+00
2.40000E+01 2.50000E+01 0.00000E+00 0.00000E+00 0.00000E+00
2.50000E+01 2.60000E+01 0.00000E+00 0.00000E+00 0.00000E+00
2.60000E+01 2.70000E+01 0.00000E+00 0.00000E+00 0.00000E+00
2.70000E+01 2.80000E+01 0.00000E+00 0.00000E+00 0.00000E+00
2.80000E+01 2.90000E+01 0.00000E+00 0.00000E+00 0.00000E+00
2.90000E+01 3.00000E+01 0.00000E+00 0.00000E+00 0.00000E+00
