Summary: 
DataDir: /home/andrew/Documents/rational_approx/Aeterna/Example_for_Darren/scan/sub6
ProfVersion: 2.2.2beta12
Date: 2019-06-10 16:37:21
DataFormat: binned 3
ParamNames: mdm c1 c11
Dimension: 3
MinParamVals: 1.562268 -5.970883 -3.955979
MaxParamVals: 2.037842 -3.069166 -2.053603
DoParamScaling: 1
NumInputs: 100
Runs: 0000 0001 0002 0003 0004 0005 0006 0007 0008 0009 0010 0011 0012 0013 0014 0015 0016 0017 0018 0019 0020 0021 0022 0023 0024 0025 0026 0027 0028 0029 0030 0031 0032 0033 0034 0035 0036 0037 0038 0039 0040 0041 0042 0043 0044 0045 0046 0047 0048 0049 0050 0051 0052 0053 0054 0055 0056 0057 0058 0059 0060 0061 0062 0063 0064 0065 0066 0067 0068 0069 0070 0071 0072 0073 0074 0075 0076 0077 0078 0079 0080 0081 0082 0083 0084 0085 0086 0087 0088 0089 0090 0091 0092 0093 0094 0095 0096 0097 0098 0099
---
/DM/ARGON/c11_c11#0 5.00000e+00 6.00000e+00
  val: 2 6 -5.62332 8.76063 0.000794056 -0.00216471 0.00294553 -0.00192987 0.000482367 -0.763873 0.000198354 -0.000734844 0.00149479 -0.00124864 0.000370402 -0.284401 -0.00010264 -0.000139546 -0.0003264 0.00023652 0.181991 0.000105578 0.00056591 -0.000157109 -0.0909322 -0.000106529 -0.000147135 0.0321404 -3.77339e-06 -0.00578574  1.56227e+00 -3.95598e+00 2.03784e+00 -2.05360e+00
  err: 2 6 0 0 0 0 0 0 0 0 0 0 0 0 0 0 0 0 0 0 0 0 0 0 0 0 0 0 0 0  1.56227e+00 -3.95598e+00 2.03784e+00 -2.05360e+00
/DM/ARGON/c11_c11#1 6.00000e+00 7.00000e+00
  val: 2 6 -5.51799 8.76059 0.000811813 -0.00188797 0.00261922 -0.00225317 0.00088978 -0.699338 0.000751126 -0.00208207 0.00257206 -0.000222077 -0.000831113 -0.342166 -0.00155617 0.00222228 -0.00371716 0.00179992 0.221899 0.00195866 0.000431468 0.000260181 -0.1133 -0.00182424 -0.000517759 0.0410661 0.000747611 -0.00756019  1.56227e+00 -3.95598e+00 2.03784e+00 -2.05360e+00
  err: 2 6 0 0 0 0 0 0 0 0 0 0 0 0 0 0 0 0 0 0 0 0 0 0 0 0 0 0 0 0  1.56227e+00 -3.95598e+00 2.03784e+00 -2.05360e+00
/DM/ARGON/c11_c11#2 7.00000e+00 8.00000e+00
  val: 2 6 -5.43729 8.76073 0.000518036 -0.00207785 0.00337973 -0.0023703 0.000578805 -0.633625 -0.000489862 0.00133544 -0.00019335 -0.00170416 0.00097169 -0.400086 0.00110091 -0.00366357 0.00367211 -0.000633093 0.257816 -0.000645264 0.00119997 -0.00161744 -0.127641 0.000535394 0.000623083 0.0434061 -0.00048801 -0.00730057  1.56227e+00 -3.95598e+00 2.03784e+00 -2.05360e+00
  err: 2 6 0 0 0 0 0 0 0 0 0 0 0 0 0 0 0 0 0 0 0 0 0 0 0 0 0 0 0 0  1.56227e+00 -3.95598e+00 2.03784e+00 -2.05360e+00
/DM/ARGON/c11_c11#3 8.00000e+00 9.00000e+00
  val: 2 6 -5.37511 8.76062 0.000678563 -0.00167339 0.00230161 -0.00164908 0.000480825 -0.566927 0.000930159 -0.00199216 0.00252668 -0.00184703 0.000562627 -0.459591 -0.00275734 0.00303131 -0.00136321 0.000258433 0.298249 0.0040226 -0.00288487 0.000490864 -0.150648 -0.00252994 0.00107836 0.0536118 0.000487128 -0.00971231  1.56227e+00 -3.95598e+00 2.03784e+00 -2.05360e+00
  err: 2 6 0 0 0 0 0 0 0 0 0 0 0 0 0 0 0 0 0 0 0 0 0 0 0 0 0 0 0 0  1.56227e+00 -3.95598e+00 2.03784e+00 -2.05360e+00
/DM/ARGON/c11_c11#4 9.00000e+00 1.00000e+01
  val: 2 6 -5.32748 8.7606 0.00108105 -0.00331949 0.00499858 -0.00357338 0.000963428 -0.498921 0.000473142 -0.0011295 0.00227613 -0.00219498 0.00082771 -0.52112 -0.00149517 0.000401268 -0.000248189 -2.42336e-05 0.340597 0.00309286 -0.000312159 0.000124027 -0.173984 -0.00274472 0.000133843 0.0628387 0.000832171 -0.0115602  1.56227e+00 -3.95598e+00 2.03784e+00 -2.05360e+00
  err: 2 6 0 0 0 0 0 0 0 0 0 0 0 0 0 0 0 0 0 0 0 0 0 0 0 0 0 0 0 0  1.56227e+00 -3.95598e+00 2.03784e+00 -2.05360e+00
/DM/ARGON/c11_c11#5 1.00000e+01 1.10000e+01
  val: 2 6 -5.29157 8.76065 0.000949407 -0.00319842 0.00523959 -0.00415375 0.00128097 -0.429844 0.000275439 -0.00101171 0.00203881 -0.00166877 0.000369134 -0.58359 -0.000875026 0.000875199 -0.000824253 0.000744701 0.381891 0.00159139 -0.000962346 -0.000416445 -0.192934 -0.0010187 0.000828829 0.067324 5.93038e-05 -0.0116861  1.56227e+00 -3.95598e+00 2.03784e+00 -2.05360e+00
  err: 2 6 0 0 0 0 0 0 0 0 0 0 0 0 0 0 0 0 0 0 0 0 0 0 0 0 0 0 0 0  1.56227e+00 -3.95598e+00 2.03784e+00 -2.05360e+00
/DM/ARGON/c11_c11#6 1.10000e+01 1.20000e+01
  val: 2 6 -5.2653 8.76087 -0.000465641 0.000545336 0.000350388 -0.00101181 0.000473399 -0.360017 -0.000410111 0.0019662 -0.00347965 0.00280516 -0.000716516 -0.645941 -2.04157e-05 -0.00114672 0.00111513 -0.000825817 0.421626 0.00105676 0.000326019 0.000344951 -0.210725 -0.00130373 -0.000204314 0.0722478 0.000495351 -0.0123245  1.56227e+00 -3.95598e+00 2.03784e+00 -2.05360e+00
  err: 2 6 0 0 0 0 0 0 0 0 0 0 0 0 0 0 0 0 0 0 0 0 0 0 0 0 0 0 0 0  1.56227e+00 -3.95598e+00 2.03784e+00 -2.05360e+00
/DM/ARGON/c11_c11#7 1.20000e+01 1.30000e+01
  val: 2 6 -5.24712 8.76055 0.0013035 -0.00382708 0.00557738 -0.003955 0.00109987 -0.289367 0.000782284 -0.0018257 0.00344727 -0.003062 0.000960333 -0.709784 -0.002333 0.00115981 -0.000872121 0.000476027 0.465843 0.00436068 -0.000815049 -0.000131771 -0.23724 -0.00380408 0.000521434 0.0851572 0.00115345 -0.0156743  1.56227e+00 -3.95598e+00 2.03784e+00 -2.05360e+00
  err: 2 6 0 0 0 0 0 0 0 0 0 0 0 0 0 0 0 0 0 0 0 0 0 0 0 0 0 0 0 0  1.56227e+00 -3.95598e+00 2.03784e+00 -2.05360e+00
/DM/ARGON/c11_c11#8 1.30000e+01 1.40000e+01
  val: 2 6 -5.2359 8.76071 0.000806829 -0.00333496 0.00570472 -0.00440321 0.00127339 -0.217535 -0.000458061 0.0011116 0.000558347 -0.00216594 0.00102469 -0.775419 0.000503137 -0.003635 0.0029527 -0.000418792 0.510909 0.00145022 0.0015268 -0.00134612 -0.261106 -0.00212286 0.000377302 0.0936165 0.000644165 -0.0170534  1.56227e+00 -3.95598e+00 2.03784e+00 -2.05360e+00
  err: 2 6 0 0 0 0 0 0 0 0 0 0 0 0 0 0 0 0 0 0 0 0 0 0 0 0 0 0 0 0  1.56227e+00 -3.95598e+00 2.03784e+00 -2.05360e+00
/DM/ARGON/c11_c11#9 1.40000e+01 1.50000e+01
  val: 2 6 -5.23065 8.76088 -0.000225122 -0.000563154 0.00177318 -0.00149101 0.000385554 -0.144961 -0.000747258 0.00321709 -0.00355213 0.00122953 7.24289e-05 -0.841966 0.000165868 -0.00467088 0.0042459 -0.00125225 0.557905 0.00266252 0.00204771 -0.00101861 -0.288562 -0.00353856 -0.000175623 0.105494 0.0013161 -0.0196762  1.56227e+00 -3.95598e+00 2.03784e+00 -2.05360e+00
  err: 2 6 0 0 0 0 0 0 0 0 0 0 0 0 0 0 0 0 0 0 0 0 0 0 0 0 0 0 0 0  1.56227e+00 -3.95598e+00 2.03784e+00 -2.05360e+00
/DM/ARGON/c11_c11#10 1.50000e+01 1.60000e+01
  val: 2 6 -5.23065 8.76083 -6.75536e-05 -0.000601372 0.00165011 -0.00155242 0.000515833 -0.0714086 -0.00057507 0.00240748 -0.00308054 0.00168872 -0.000393407 -0.910201 0.000331243 -0.00275552 0.00243089 -0.000546812 0.606685 0.000781048 0.00108905 -0.000622748 -0.315876 -0.000954027 -0.000105302 0.115508 0.000294246 -0.0212978  1.56227e+00 -3.95598e+00 2.03784e+00 -2.05360e+00
  err: 2 6 0 0 0 0 0 0 0 0 0 0 0 0 0 0 0 0 0 0 0 0 0 0 0 0 0 0 0 0  1.56227e+00 -3.95598e+00 2.03784e+00 -2.05360e+00
/DM/ARGON/c11_c11#11 1.60000e+01 1.70000e+01
  val: 2 6 -5.23525 8.76066 0.00100836 -0.00330492 0.00481087 -0.00315941 0.000754877 0.00252267 -0.000129483 -0.000264444 0.00232663 -0.00329016 0.00132759 -0.976258 0.000428673 -0.00192364 0.00175218 -0.000245149 0.646323 0.000295299 0.000590732 -0.000791991 -0.328405 -0.000431197 0.000372949 0.11448 -2.02926e-05 -0.0197615  1.56227e+00 -3.95598e+00 2.03784e+00 -2.05360e+00
  err: 2 6 0 0 0 0 0 0 0 0 0 0 0 0 0 0 0 0 0 0 0 0 0 0 0 0 0 0 0 0  1.56227e+00 -3.95598e+00 2.03784e+00 -2.05360e+00
/DM/ARGON/c11_c11#12 1.70000e+01 1.80000e+01
  val: 2 6 -5.24399 8.76088 0.0001478 -0.00203999 0.00395739 -0.00270899 0.000522349 0.0773017 -0.00121972 0.00302356 -0.00176132 -0.00150188 0.00140833 -1.04397 0.00247939 -0.00552089 0.00481613 -0.00149771 0.690312 -0.00205693 0.00246051 -0.00109366 -0.348665 0.0011103 -0.000238161 0.120275 -0.000404648 -0.0205236  1.56227e+00 -3.95598e+00 2.03784e+00 -2.05360e+00
  err: 2 6 0 0 0 0 0 0 0 0 0 0 0 0 0 0 0 0 0 0 0 0 0 0 0 0 0 0 0 0  1.56227e+00 -3.95598e+00 2.03784e+00 -2.05360e+00
/DM/ARGON/c11_c11#13 1.80000e+01 1.90000e+01
  val: 2 6 -5.25642 8.76077 0.000350152 -0.00191956 0.00372371 -0.00308304 0.000919306 0.152823 -0.000163184 0.00112559 -0.00105442 -0.000310478 0.000522211 -1.11367 -0.00063786 -0.00153561 0.00246523 -0.000991833 0.740688 0.00224772 -0.000342489 -0.000312973 -0.380395 -0.00193905 0.000429177 0.135803 0.000503306 -0.0244007  1.56227e+00 -3.95598e+00 2.03784e+00 -2.05360e+00
  err: 2 6 0 0 0 0 0 0 0 0 0 0 0 0 0 0 0 0 0 0 0 0 0 0 0 0 0 0 0 0  1.56227e+00 -3.95598e+00 2.03784e+00 -2.05360e+00
/DM/ARGON/c11_c11#14 1.90000e+01 2.00000e+01
  val: 2 6 -5.27216 8.76043 0.00127092 -0.00237145 0.00249796 -0.00166216 0.000574239 0.228588 0.00179495 -0.00387312 0.00440901 -0.00164241 -0.000212586 -1.18156 -0.00448266 0.00466477 -0.00406857 0.00155369 0.784197 0.00627016 -0.0020346 0.000497668 -0.401002 -0.00475645 0.000467676 0.142711 0.00143584 -0.0256873  1.56227e+00 -3.95598e+00 2.03784e+00 -2.05360e+00
  err: 2 6 0 0 0 0 0 0 0 0 0 0 0 0 0 0 0 0 0 0 0 0 0 0 0 0 0 0 0 0  1.56227e+00 -3.95598e+00 2.03784e+00 -2.05360e+00
/DM/ARGON/c11_c11#15 2.00000e+01 2.10000e+01
  val: 2 6 -5.29097 8.76045 0.00220421 -0.00693618 0.0105696 -0.00758907 0.00204002 0.305497 0.000859541 -0.00264296 0.00515 -0.00532717 0.00218844 -1.25195 -0.00190678 0.00202829 -0.000688636 -0.000180268 0.831226 0.00253405 -0.00191865 0.000515694 -0.423794 -0.001358 0.000599661 0.149446 0.000179811 -0.026462  1.56227e+00 -3.95598e+00 2.03784e+00 -2.05360e+00
  err: 2 6 0 0 0 0 0 0 0 0 0 0 0 0 0 0 0 0 0 0 0 0 0 0 0 0 0 0 0 0  1.56227e+00 -3.95598e+00 2.03784e+00 -2.05360e+00
/DM/ARGON/c11_c11#16 2.10000e+01 2.20000e+01
  val: 2 6 -5.31257 8.76098 -0.000998449 0.00209287 -0.00278497 0.00235518 -0.000886341 0.38293 -0.000955453 0.00364686 -0.00383492 0.000992675 0.000330505 -1.32239 0.000700935 -0.00518391 0.00460637 -0.00135716 0.877905 0.00172127 0.00238555 -0.00114449 -0.447141 -0.00267206 -0.000234547 0.157681 0.00100005 -0.0280065  1.56227e+00 -3.95598e+00 2.03784e+00 -2.05360e+00
  err: 2 6 0 0 0 0 0 0 0 0 0 0 0 0 0 0 0 0 0 0 0 0 0 0 0 0 0 0 0 0  1.56227e+00 -3.95598e+00 2.03784e+00 -2.05360e+00
/DM/ARGON/c11_c11#17 2.20000e+01 2.30000e+01
  val: 2 6 -5.33668 8.76061 0.000561846 -0.000839775 3.95004e-05 0.000924874 -0.000556506 0.460809 0.000976 -0.00208886 0.00350395 -0.00301875 0.000964804 -1.39408 -0.00288305 0.00180911 -0.00138502 0.000596154 0.928933 0.00500852 -0.000962172 0.000100844 -0.477896 -0.00428208 0.000327701 0.171712 0.00135901 -0.0312706  1.56227e+00 -3.95598e+00 2.03784e+00 -2.05360e+00
  err: 2 6 0 0 0 0 0 0 0 0 0 0 0 0 0 0 0 0 0 0 0 0 0 0 0 0 0 0 0 0  1.56227e+00 -3.95598e+00 2.03784e+00 -2.05360e+00
/DM/ARGON/c11_c11#18 2.30000e+01 2.40000e+01
  val: 2 6 -5.36315 8.76069 5.62577e-05 4.79496e-05 0.000126839 -0.000408114 0.000229213 0.539466 0.00104325 -0.00160612 0.000783648 0.000222337 -0.000123221 -1.46706 -0.00315206 0.00405644 -0.00203553 2.2283e-05 0.981398 0.00366321 -0.00338123 0.0012117 -0.508684 -0.00156891 0.000777671 0.184295 0.000109838 -0.0336792  1.56227e+00 -3.95598e+00 2.03784e+00 -2.05360e+00
  err: 2 6 0 0 0 0 0 0 0 0 0 0 0 0 0 0 0 0 0 0 0 0 0 0 0 0 0 0 0 0  1.56227e+00 -3.95598e+00 2.03784e+00 -2.05360e+00
/DM/ARGON/c11_c11#19 2.40000e+01 2.50000e+01
  val: 2 6 -5.39181 8.76077 0.000465442 -0.00232022 0.00407189 -0.00304436 0.000818533 0.618755 -0.000471783 0.00193288 -0.0014635 -0.000750664 0.000838428 -1.53948 -0.000142183 -0.00303662 0.00403349 -0.0013614 1.02841 0.00206217 -0.000160583 -0.000814021 -0.528996 -0.00174468 0.000773644 0.188427 0.000304763 -0.0335863  1.56227e+00 -3.95598e+00 2.03784e+00 -2.05360e+00
  err: 2 6 0 0 0 0 0 0 0 0 0 0 0 0 0 0 0 0 0 0 0 0 0 0 0 0 0 0 0 0  1.56227e+00 -3.95598e+00 2.03784e+00 -2.05360e+00
/DM/ARGON/c11_c11#20 2.50000e+01 2.60000e+01
  val: 2 6 -5.42245 8.76054 0.00163993 -0.0053584 0.00836482 -0.00624743 0.00180901 0.698144 0.000467787 -0.000962313 0.00270443 -0.00285589 0.000930894 -1.61111 -0.00185801 -6.32499e-05 6.54026e-06 0.000364171 1.07455 0.0040291 -0.00037504 -0.000361104 -0.550441 -0.00347625 0.000483591 0.19502 0.000984667 -0.0346305  1.56227e+00 -3.95598e+00 2.03784e+00 -2.05360e+00
  err: 2 6 0 0 0 0 0 0 0 0 0 0 0 0 0 0 0 0 0 0 0 0 0 0 0 0 0 0 0 0  1.56227e+00 -3.95598e+00 2.03784e+00 -2.05360e+00
/DM/ARGON/c11_c11#21 2.60000e+01 2.70000e+01
  val: 2 6 -5.45499 8.76048 0.00170023 -0.00501797 0.00743366 -0.00525301 0.00138805 0.778127 0.000984012 -0.00260969 0.00429795 -0.00356016 0.00116918 -1.68322 -0.00236016 0.00232029 -0.0019446 0.000720161 1.11955 0.00356223 -0.00121749 0.000208235 -0.56797 -0.0027016 0.000434942 0.197477 0.000728174 -0.0341892  1.56227e+00 -3.95598e+00 2.03784e+00 -2.05360e+00
  err: 2 6 0 0 0 0 0 0 0 0 0 0 0 0 0 0 0 0 0 0 0 0 0 0 0 0 0 0 0 0  1.56227e+00 -3.95598e+00 2.03784e+00 -2.05360e+00
/DM/ARGON/c11_c11#22 2.70000e+01 2.80000e+01
  val: 2 6 -5.4893 8.76067 0.000768059 -0.00315446 0.00591351 -0.00506327 0.00161151 0.85886 0.000222851 0.000473179 -0.000703044 -9.98659e-05 0.000459834 -1.75745 -0.00178498 0.000102601 0.000727468 -0.000935562 1.17102 0.00397917 -0.00075503 0.00082519 -0.597251 -0.00365604 -0.000136165 0.210339 0.00130099 -0.0372468  1.56227e+00 -3.95598e+00 2.03784e+00 -2.05360e+00
  err: 2 6 0 0 0 0 0 0 0 0 0 0 0 0 0 0 0 0 0 0 0 0 0 0 0 0 0 0 0 0  1.56227e+00 -3.95598e+00 2.03784e+00 -2.05360e+00
/DM/ARGON/c11_c11#23 2.80000e+01 2.90000e+01
  val: 2 6 -5.52526 8.76094 -0.00087912 0.00163229 -0.00105188 -0.000204449 0.000337949 0.94014 -0.00035535 0.0025594 -0.0045413 0.0033786 -0.000878814 -1.83274 -0.00105812 -0.00104689 0.00213499 -0.00109906 1.22466 0.00309016 -0.000977415 0.000183614 -0.628872 -0.00255585 0.000478041 0.224016 0.000679129 -0.0402018  1.56227e+00 -3.95598e+00 2.03784e+00 -2.05360e+00
  err: 2 6 0 0 0 0 0 0 0 0 0 0 0 0 0 0 0 0 0 0 0 0 0 0 0 0 0 0 0 0  1.56227e+00 -3.95598e+00 2.03784e+00 -2.05360e+00
/DM/ARGON/c11_c11#24 2.90000e+01 3.00000e+01
  val: 2 6 -5.56274 8.76062 0.000718258 -0.00196867 0.00269439 -0.00169149 0.000366683 1.02152 0.000912229 -0.00172078 0.00291777 -0.00298196 0.00116519 -1.9066 -0.00314845 0.00230362 -0.000609419 9.45597e-05 1.27333 0.00505632 -0.00272182 0.000300942 -0.652645 -0.00329278 0.00110029 0.231621 0.000650622 -0.0413149  1.56227e+00 -3.95598e+00 2.03784e+00 -2.05360e+00
  err: 2 6 0 0 0 0 0 0 0 0 0 0 0 0 0 0 0 0 0 0 0 0 0 0 0 0 0 0 0 0  1.56227e+00 -3.95598e+00 2.03784e+00 -2.05360e+00
/DM/ARGON/c1_c1#0 5.00000e+00 6.00000e+00
  val: 2 6 -5.85152 13.3628 0.000664438 -0.00131298 0.00132024 -0.000733338 0.000198488 -0.764583 -0.000115463 -0.00102987 0.00224936 -0.00145785 0.000235514 -0.285362 0.00240776 -0.0016503 -0.000520782 0.000422529 0.18676 -0.00476544 0.00349534 -0.000288247 -0.0986185 0.00339085 -0.00166014 0.0380925 -0.000727103 -0.00762358  1.56227e+00 -5.97088e+00 2.03784e+00 -3.06917e+00
  err: 2 6 0 0 0 0 0 0 0 0 0 0 0 0 0 0 0 0 0 0 0 0 0 0 0 0 0 0 0 0  1.56227e+00 -5.97088e+00 2.03784e+00 -3.06917e+00
/DM/ARGON/c1_c1#1 6.00000e+00 7.00000e+00
  val: 2 6 -5.91339 13.3629 -0.000142101 0.00117076 -0.00228219 0.00165084 -0.000366539 -0.69988 -0.000623043 0.000114065 0.000643988 8.84186e-05 -0.000485011 -0.343087 0.00399598 -0.00341936 0.000319349 0.000654047 0.225286 -0.00715148 0.0045918 -0.00113749 -0.117404 0.00536558 -0.00144723 0.0432703 -0.00153195 -0.00798099  1.56227e+00 -5.97088e+00 2.03784e+00 -3.06917e+00
  err: 2 6 0 0 0 0 0 0 0 0 0 0 0 0 0 0 0 0 0 0 0 0 0 0 0 0 0 0 0 0  1.56227e+00 -5.97088e+00 2.03784e+00 -3.06917e+00
/DM/ARGON/c1_c1#2 7.00000e+00 8.00000e+00
  val: 2 6 -5.97587 13.3628 0.000206606 0.000431624 -0.00214528 0.00256073 -0.000983394 -0.634154 -0.000349929 -0.000919565 0.00333422 -0.00329173 0.00105607 -0.401167 0.00303539 -0.00257294 0.000273964 0.000331404 0.262841 -0.00543654 0.00354025 -0.000676173 -0.135829 0.00399287 -0.00126457 0.0497924 -0.0010612 -0.00927657  1.56227e+00 -5.97088e+00 2.03784e+00 -3.06917e+00
  err: 2 6 0 0 0 0 0 0 0 0 0 0 0 0 0 0 0 0 0 0 0 0 0 0 0 0 0 0 0 0  1.56227e+00 -5.97088e+00 2.03784e+00 -3.06917e+00
/DM/ARGON/c1_c1#3 8.00000e+00 9.00000e+00
  val: 2 6 -6.03894 13.3628 0.000165205 0.000217702 -0.00124601 0.0013826 -0.000465916 -0.567456 6.86873e-05 -0.000880708 0.00185641 -0.00116133 0.000112539 -0.4598 0.000864935 -0.000671997 -0.000569325 0.000475185 0.300038 -0.00194727 0.00181353 -0.000296353 -0.153607 0.00139744 -0.000776886 0.0559981 -0.000296956 -0.0105073  1.56227e+00 -5.97088e+00 2.03784e+00 -3.06917e+00
  err: 2 6 0 0 0 0 0 0 0 0 0 0 0 0 0 0 0 0 0 0 0 0 0 0 0 0 0 0 0 0  1.56227e+00 -5.97088e+00 2.03784e+00 -3.06917e+00
/DM/ARGON/c1_c1#4 9.00000e+00 1.00000e+01
  val: 2 6 -6.1026 13.3628 0.000178657 0.00016637 -0.00110395 0.00126186 -0.00044655 -0.499325 -0.000167059 -0.000438641 0.00158555 -0.00109978 0.000156676 -0.521805 0.0016952 -0.00241604 0.000109431 0.000345622 0.343481 -0.00241286 0.00372173 -0.000662974 -0.178214 0.000799954 -0.00141621 0.065962 0.000194809 -0.0125318  1.56227e+00 -5.97088e+00 2.03784e+00 -3.06917e+00
  err: 2 6 0 0 0 0 0 0 0 0 0 0 0 0 0 0 0 0 0 0 0 0 0 0 0 0 0 0 0 0  1.56227e+00 -5.97088e+00 2.03784e+00 -3.06917e+00
/DM/ARGON/c1_c1#5 1.00000e+01 1.10000e+01
  val: 2 6 -6.16681 13.3628 0.000517356 -0.000685682 -3.20448e-05 0.000621331 -0.000304207 -0.430295 0.000122334 -0.00164983 0.00379598 -0.00298402 0.000700774 -0.584026 0.00112809 -0.000660739 -0.00136603 0.00107705 0.384518 -0.00217441 0.00217699 -0.000577755 -0.197324 0.00140957 -0.000634765 0.0707345 -0.000363784 -0.0127144  1.56227e+00 -5.97088e+00 2.03784e+00 -3.06917e+00
  err: 2 6 0 0 0 0 0 0 0 0 0 0 0 0 0 0 0 0 0 0 0 0 0 0 0 0 0 0 0 0  1.56227e+00 -5.97088e+00 2.03784e+00 -3.06917e+00
/DM/ARGON/c1_c1#6 1.10000e+01 1.20000e+01
  val: 2 6 -6.23155 13.3628 0.00031275 -0.000339291 -0.000179543 0.000417452 -0.000136684 -0.360474 -0.000198529 -0.000218413 0.00133323 -0.000913713 9.38799e-06 -0.64605 0.00180293 -0.00256821 0.000241322 0.000549839 0.422891 -0.00295355 0.00360518 -0.000973023 -0.212659 0.00174923 -0.00112547 0.073672 -0.000352668 -0.0127655  1.56227e+00 -5.97088e+00 2.03784e+00 -3.06917e+00
  err: 2 6 0 0 0 0 0 0 0 0 0 0 0 0 0 0 0 0 0 0 0 0 0 0 0 0 0 0 0 0  1.56227e+00 -5.97088e+00 2.03784e+00 -3.06917e+00
/DM/ARGON/c1_c1#7 1.20000e+01 1.30000e+01
  val: 2 6 -6.29681 13.3629 7.62137e-05 0.000185616 -0.00070627 0.000643642 -0.000175002 -0.28935 -0.00079784 0.000771962 0.000231918 -0.000275741 -3.81135e-05 -0.712284 0.00388149 -0.00459556 0.00116532 7.74106e-05 0.473401 -0.00586973 0.00566263 -0.000958248 -0.247904 0.00334511 -0.00209323 0.0926701 -0.000525149 -0.0178032  1.56227e+00 -5.97088e+00 2.03784e+00 -3.06917e+00
  err: 2 6 0 0 0 0 0 0 0 0 0 0 0 0 0 0 0 0 0 0 0 0 0 0 0 0 0 0 0 0  1.56227e+00 -5.97088e+00 2.03784e+00 -3.06917e+00
/DM/ARGON/c1_c1#8 1.30000e+01 1.40000e+01
  val: 2 6 -6.36255 13.3629 -0.000298621 0.00136532 -0.00270594 0.0024588 -0.000835544 -0.217919 -0.000180538 0.00107471 -0.000787045 -0.00019041 0.000214575 -0.7759 0.000505477 -0.00346787 0.00284047 -0.00058854 0.513923 -3.99919e-05 0.00256143 -0.00118217 -0.266279 -0.000360648 -0.000551121 0.0975897 0.000142043 -0.0182201  1.56227e+00 -5.97088e+00 2.03784e+00 -3.06917e+00
  err: 2 6 0 0 0 0 0 0 0 0 0 0 0 0 0 0 0 0 0 0 0 0 0 0 0 0 0 0 0 0  1.56227e+00 -5.97088e+00 2.03784e+00 -3.06917e+00
/DM/ARGON/c1_c1#9 1.40000e+01 1.50000e+01
  val: 2 6 -6.4288 13.3629 -1.31559e-05 0.000577584 -0.00138008 0.00109771 -0.000256892 -0.14506 -0.000497195 -0.000248865 0.00133198 -0.000399473 -0.000397786 -0.844027 0.00384091 -0.00337717 -0.000169133 0.000961714 0.564385 -0.00724149 0.00541103 -0.00128803 -0.297045 0.00536536 -0.00187567 0.110639 -0.00144794 -0.0208551  1.56227e+00 -5.97088e+00 2.03784e+00 -3.06917e+00
  err: 2 6 0 0 0 0 0 0 0 0 0 0 0 0 0 0 0 0 0 0 0 0 0 0 0 0 0 0 0 0  1.56227e+00 -5.97088e+00 2.03784e+00 -3.06917e+00
/DM/ARGON/c1_c1#10 1.50000e+01 1.60000e+01
  val: 2 6 -6.4955 13.3629 1.19793e-05 0.000256295 -0.000740375 0.000729991 -0.000242697 -0.0716473 -0.000612949 0.00112146 -0.000388167 -0.000557529 0.000383019 -0.91123 0.00291436 -0.00504571 0.0033568 -0.000944948 0.61077 -0.00408802 0.004573 -0.00107949 -0.322437 0.00230115 -0.00162262 0.120673 -0.000319931 -0.0229223  1.56227e+00 -5.97088e+00 2.03784e+00 -3.06917e+00
  err: 2 6 0 0 0 0 0 0 0 0 0 0 0 0 0 0 0 0 0 0 0 0 0 0 0 0 0 0 0 0  1.56227e+00 -5.97088e+00 2.03784e+00 -3.06917e+00
/DM/ARGON/c1_c1#11 1.60000e+01 1.70000e+01
  val: 2 6 -6.56265 13.3628 0.000534626 -0.000504652 -0.000438685 0.000933353 -0.00039206 0.00231748 9.18712e-05 -0.00200121 0.00407826 -0.00300581 0.000819051 -0.97768 0.00267856 -0.00154606 -0.00105233 0.000457034 0.651859 -0.00578508 0.00422667 -0.000163322 -0.337246 0.00418671 -0.00209844 0.121388 -0.000884986 -0.0219305  1.56227e+00 -5.97088e+00 2.03784e+00 -3.06917e+00
  err: 2 6 0 0 0 0 0 0 0 0 0 0 0 0 0 0 0 0 0 0 0 0 0 0 0 0 0 0 0 0  1.56227e+00 -5.97088e+00 2.03784e+00 -3.06917e+00
/DM/ARGON/c1_c1#12 1.70000e+01 1.80000e+01
  val: 2 6 -6.63023 13.3629 1.72474e-06 0.000865531 -0.00231429 0.00214392 -0.000648187 0.0769473 -0.000135106 -0.000653776 0.00230831 -0.00149585 -3.28077e-05 -1.04434 0.00182116 -0.0028464 -0.000209822 0.00115185 0.692922 -0.00252575 0.00425933 -0.00145594 -0.353585 0.000908161 -0.00109106 0.124577 -2.18526e-05 -0.021974  1.56227e+00 -5.97088e+00 2.03784e+00 -3.06917e+00
  err: 2 6 0 0 0 0 0 0 0 0 0 0 0 0 0 0 0 0 0 0 0 0 0 0 0 0 0 0 0 0  1.56227e+00 -5.97088e+00 2.03784e+00 -3.06917e+00
/DM/ARGON/c1_c1#13 1.80000e+01 1.90000e+01
  val: 2 6 -6.69827 13.363 -0.000649601 0.00213759 -0.00330293 0.00225435 -0.000532219 0.152741 -0.00143048 0.00277235 -0.00218488 0.000975598 -0.000276806 -1.11484 0.00522399 -0.00835829 0.00446061 -0.000815639 0.744065 -0.00651385 0.00768618 -0.00193194 -0.385063 0.00308217 -0.0024019 0.139335 -0.000309749 -0.0255488  1.56227e+00 -5.97088e+00 2.03784e+00 -3.06917e+00
  err: 2 6 0 0 0 0 0 0 0 0 0 0 0 0 0 0 0 0 0 0 0 0 0 0 0 0 0 0 0 0  1.56227e+00 -5.97088e+00 2.03784e+00 -3.06917e+00
/DM/ARGON/c1_c1#14 1.90000e+01 2.00000e+01
  val: 2 6 -6.76668 13.3628 0.000616511 -0.00122785 0.00123062 -0.000691971 0.000199409 0.228711 -4.85488e-05 -0.0012756 0.00253391 -0.0015183 0.000181188 -1.18356 0.0023666 -0.00105271 -0.00115188 0.000608632 0.789169 -0.00514926 0.00339001 -0.000108429 -0.406803 0.0037817 -0.00176905 0.146127 -0.000803152 -0.0265367  1.56227e+00 -5.97088e+00 2.03784e+00 -3.06917e+00
  err: 2 6 0 0 0 0 0 0 0 0 0 0 0 0 0 0 0 0 0 0 0 0 0 0 0 0 0 0 0 0  1.56227e+00 -5.97088e+00 2.03784e+00 -3.06917e+00
/DM/ARGON/c1_c1#15 2.00000e+01 2.10000e+01
  val: 2 6 -6.83551 13.3628 0.000264607 -6.44703e-05 -0.00115974 0.00180085 -0.000775174 0.305347 -0.000251349 0.000223258 0.00168344 -0.00249771 0.000944169 -1.2526 0.00161195 -0.00444736 0.00252946 -0.000327292 0.833621 -0.00150422 0.00416181 -0.00129588 -0.427664 0.000123619 -0.00119023 0.15265 0.000234089 -0.0275301  1.56227e+00 -5.97088e+00 2.03784e+00 -3.06917e+00
  err: 2 6 0 0 0 0 0 0 0 0 0 0 0 0 0 0 0 0 0 0 0 0 0 0 0 0 0 0 0 0  1.56227e+00 -5.97088e+00 2.03784e+00 -3.06917e+00
/DM/ARGON/c1_c1#16 2.10000e+01 2.20000e+01
  val: 2 6 -6.90473 13.3631 -0.00099806 0.00287548 -0.00425042 0.00315974 -0.000940785 0.382691 -0.000202113 0.00107078 -0.00118653 0.000248478 0.000254048 -1.32311 0.000962846 -0.00295102 0.00235709 -0.00112145 0.881137 -0.00188331 0.00304571 -0.000202337 -0.452042 0.00141004 -0.00160757 0.161053 -0.000203435 -0.0289146  1.56227e+00 -5.97088e+00 2.03784e+00 -3.06917e+00
  err: 2 6 0 0 0 0 0 0 0 0 0 0 0 0 0 0 0 0 0 0 0 0 0 0 0 0 0 0 0 0  1.56227e+00 -5.97088e+00 2.03784e+00 -3.06917e+00
/DM/ARGON/c1_c1#17 2.20000e+01 2.30000e+01
  val: 2 6 -6.97432 13.3628 0.000339134 -1.47998e-05 -0.00119499 0.00149811 -0.000528582 0.460913 -0.000331553 -0.000453719 0.00211716 -0.00199149 0.000514746 -1.39628 0.00323019 -0.00391067 0.00153608 -1.05955e-05 0.935299 -0.00575558 0.0048915 -0.00115552 -0.486531 0.00407156 -0.00180986 0.177527 -0.00096087 -0.0328557  1.56227e+00 -5.97088e+00 2.03784e+00 -3.06917e+00
  err: 2 6 0 0 0 0 0 0 0 0 0 0 0 0 0 0 0 0 0 0 0 0 0 0 0 0 0 0 0 0  1.56227e+00 -5.97088e+00 2.03784e+00 -3.06917e+00
/DM/ARGON/c1_c1#18 2.30000e+01 2.40000e+01
  val: 2 6 -7.0443 13.363 -0.000619504 0.00154952 -0.00211791 0.00144332 -0.000366664 0.539553 -0.00151437 0.00390165 -0.00270969 -0.000333171 0.000587655 -1.46859 0.00424832 -0.0101408 0.00753991 -0.0016651 0.98589 -0.00383286 0.00684446 -0.00265616 -0.515878 0.00134187 -0.0015269 0.190358 -0.000103127 -0.0357247  1.56227e+00 -5.97088e+00 2.03784e+00 -3.06917e+00
  err: 2 6 0 0 0 0 0 0 0 0 0 0 0 0 0 0 0 0 0 0 0 0 0 0 0 0 0 0 0 0  1.56227e+00 -5.97088e+00 2.03784e+00 -3.06917e+00
/DM/ARGON/c1_c1#19 2.40000e+01 2.50000e+01
  val: 2 6 -7.11462 13.3628 0.000583511 -0.000718911 4.12214e-05 0.000384793 -0.000142237 0.618751 -0.00013034 -0.00105822 0.00272341 -0.00209232 0.000363716 -1.54173 0.00271976 -0.00250927 0.000562271 0.000480479 1.03636 -0.00521783 0.00319663 -0.00106399 -0.541703 0.00425355 -0.000882144 0.19829 -0.00135587 -0.0365862  1.56227e+00 -5.97088e+00 2.03784e+00 -3.06917e+00
  err: 2 6 0 0 0 0 0 0 0 0 0 0 0 0 0 0 0 0 0 0 0 0 0 0 0 0 0 0 0 0  1.56227e+00 -5.97088e+00 2.03784e+00 -3.06917e+00
/DM/ARGON/c1_c1#20 2.50000e+01 2.60000e+01
  val: 2 6 -7.18528 13.3628 0.000287011 -0.000733228 0.0012631 -0.00128027 0.000531176 0.69804 0.000364018 -0.000480418 0.000351521 0.000484076 -0.000557085 -1.612 -0.000527074 -0.000931246 -0.000324872 0.000620958 1.07754 0.00116013 0.00253752 -0.000780898 -0.554799 -0.00202778 -0.000927826 0.19829 0.001027 -0.0356536  1.56227e+00 -5.97088e+00 2.03784e+00 -3.06917e+00
  err: 2 6 0 0 0 0 0 0 0 0 0 0 0 0 0 0 0 0 0 0 0 0 0 0 0 0 0 0 0 0  1.56227e+00 -5.97088e+00 2.03784e+00 -3.06917e+00
/DM/ARGON/c1_c1#21 2.60000e+01 2.70000e+01
  val: 2 6 -7.25631 13.3629 -6.46603e-05 0.000796464 -0.00183798 0.00160035 -0.000474909 0.778283 -0.000211321 -0.000281593 0.00122886 -0.000562638 -0.000119626 -1.68574 0.00214488 -0.00308607 6.40936e-05 0.000522532 1.12778 -0.00326577 0.00498045 -0.00097467 -0.581027 0.00129945 -0.00181944 0.2078 5.99057e-05 -0.0374172  1.56227e+00 -5.97088e+00 2.03784e+00 -3.06917e+00
  err: 2 6 0 0 0 0 0 0 0 0 0 0 0 0 0 0 0 0 0 0 0 0 0 0 0 0 0 0 0 0  1.56227e+00 -5.97088e+00 2.03784e+00 -3.06917e+00
/DM/ARGON/c1_c1#22 2.70000e+01 2.80000e+01
  val: 2 6 -7.32765 13.3629 -0.000568748 0.00215926 -0.00365023 0.00279928 -0.000778314 0.858879 -0.000780352 0.0024995 -0.00236864 0.000950273 -0.000280568 -1.75935 0.00334096 -0.00807692 0.00542828 -0.000828955 1.17727 -0.00427439 0.0070939 -0.00269899 -0.60644 0.00220537 -0.00182892 0.2168 -0.000402959 -0.0390132  1.56227e+00 -5.97088e+00 2.03784e+00 -3.06917e+00
  err: 2 6 0 0 0 0 0 0 0 0 0 0 0 0 0 0 0 0 0 0 0 0 0 0 0 0 0 0 0 0  1.56227e+00 -5.97088e+00 2.03784e+00 -3.06917e+00
/DM/ARGON/c1_c1#23 2.80000e+01 2.90000e+01
  val: 2 6 -7.39933 13.363 -0.000934186 0.00267395 -0.00364106 0.00226527 -0.000491226 0.940035 -0.00100199 0.00322845 -0.00406626 0.00273091 -0.000899531 -1.83376 0.00287217 -0.00673259 0.00456445 -0.000852668 1.22865 -0.00304626 0.00537542 -0.00191508 -0.635651 0.00116446 -0.00139053 0.229639 -6.02419e-05 -0.0420294  1.56227e+00 -5.97088e+00 2.03784e+00 -3.06917e+00
  err: 2 6 0 0 0 0 0 0 0 0 0 0 0 0 0 0 0 0 0 0 0 0 0 0 0 0 0 0 0 0  1.56227e+00 -5.97088e+00 2.03784e+00 -3.06917e+00
/DM/ARGON/c1_c1#24 2.90000e+01 3.00000e+01
  val: 2 6 -7.47132 13.3628 0.000623283 -0.0011094 0.000930498 -0.000497945 0.000187783 1.02172 -0.000324915 -0.000796448 0.00236866 -0.00146053 -3.05791e-05 -1.90913 0.00324044 -0.00281495 6.57346e-05 0.00087691 1.28073 -0.00588109 0.00400972 -0.00123724 -0.66318 0.00434664 -0.00115658 0.239221 -0.00122586 -0.0435406  1.56227e+00 -5.97088e+00 2.03784e+00 -3.06917e+00
  err: 2 6 0 0 0 0 0 0 0 0 0 0 0 0 0 0 0 0 0 0 0 0 0 0 0 0 0 0 0 0  1.56227e+00 -5.97088e+00 2.03784e+00 -3.06917e+00
/DM/XENON/c11_c11#0 3.00000e+00 4.00000e+00
  val: 2 6 -2.88387 8.76064 0.000870869 -0.0025673 0.00370193 -0.00264348 0.000758763 -0.641629 0.000299293 -0.0014641 0.00323805 -0.00259914 0.00061718 -0.461116 -0.000709188 0.000477788 -0.0013809 0.000884906 0.333718 0.00167766 0.000299977 -0.000226079 -0.180443 -0.00174402 8.18448e-05 0.0666385 0.000545721 -0.0122695  1.56227e+00 -3.95598e+00 2.03784e+00 -2.05360e+00
  err: 2 6 0 0 0 0 0 0 0 0 0 0 0 0 0 0 0 0 0 0 0 0 0 0 0 0 0 0 0 0  1.56227e+00 -3.95598e+00 2.03784e+00 -2.05360e+00
/DM/XENON/c11_c11#1 4.00000e+00 5.00000e+00
  val: 2 6 -2.76048 8.76073 0.000613533 -0.00255472 0.00447812 -0.00361276 0.00110733 -0.503635 -0.000287845 0.000440591 0.000378493 -0.000851856 0.000364661 -0.607663 0.000706357 -0.00161117 0.000891909 -0.000183595 0.446255 -0.000559067 0.00102948 -0.000272339 -0.245905 0.000248374 -0.000196128 0.0926822 -9.56008e-05 -0.0173781  1.56227e+00 -3.95598e+00 2.03784e+00 -2.05360e+00
  err: 2 6 0 0 0 0 0 0 0 0 0 0 0 0 0 0 0 0 0 0 0 0 0 0 0 0 0 0 0 0  1.56227e+00 -3.95598e+00 2.03784e+00 -2.05360e+00
/DM/XENON/c11_c11#2 5.00000e+00 6.00000e+00
  val: 2 6 -2.68949 8.76074 0.000710003 -0.00315938 0.00552557 -0.00420707 0.00115697 -0.361759 -0.000523525 0.00130868 -0.00055045 -0.00101455 0.00078104 -0.759501 0.0010111 -0.00222121 0.00203864 -0.000738086 0.561939 -0.000979763 0.000611777 -0.000183793 -0.310039 0.000954087 -3.41292e-05 0.115596 -0.0004556 -0.0211617  1.56227e+00 -3.95598e+00 2.03784e+00 -2.05360e+00
  err: 2 6 0 0 0 0 0 0 0 0 0 0 0 0 0 0 0 0 0 0 0 0 0 0 0 0 0 0 0 0  1.56227e+00 -3.95598e+00 2.03784e+00 -2.05360e+00
/DM/XENON/c11_c11#3 6.00000e+00 7.00000e+00
  val: 2 6 -2.65371 8.76077 0.000784319 -0.00400843 0.00752134 -0.00618247 0.00188275 -0.216418 -0.000850477 0.00258962 -0.00155195 -0.000967172 0.000844147 -0.916129 0.000937617 -0.00522913 0.00465643 -0.0011088 0.682303 0.00158346 0.00215376 -0.00152153 -0.37902 -0.00269343 0.000191626 0.142896 0.000964359 -0.0266901  1.56227e+00 -3.95598e+00 2.03784e+00 -2.05360e+00
  err: 2 6 0 0 0 0 0 0 0 0 0 0 0 0 0 0 0 0 0 0 0 0 0 0 0 0 0 0 0 0  1.56227e+00 -3.95598e+00 2.03784e+00 -2.05360e+00
/DM/XENON/c11_c11#4 7.00000e+00 8.00000e+00
  val: 2 6 -2.64336 8.76065 0.00106622 -0.00376907 0.00587118 -0.00412086 0.00104608 -0.0678821 -7.95212e-05 0.000262303 0.00126394 -0.00257958 0.00135891 -1.07712 -0.000515674 -0.00156995 0.00174497 -0.000793063 0.805348 0.0021824 0.000182137 -7.34108e-05 -0.446267 -0.0020903 9.93888e-05 0.166134 0.000624324 -0.0303447  1.56227e+00 -3.95598e+00 2.03784e+00 -2.05360e+00
  err: 2 6 0 0 0 0 0 0 0 0 0 0 0 0 0 0 0 0 0 0 0 0 0 0 0 0 0 0 0 0  1.56227e+00 -3.95598e+00 2.03784e+00 -2.05360e+00
/DM/XENON/c11_c11#5 8.00000e+00 9.00000e+00
  val: 2 6 -2.65236 8.76066 0.000843058 -0.00299618 0.00494803 -0.00385007 0.00114285 0.083691 0.00010024 -0.000219633 0.000897103 -0.000897138 0.000298072 -1.24271 -0.000621886 -0.000123539 -0.000435883 0.000208799 0.933939 0.00168114 0.000322571 7.134e-05 -0.519602 -0.0017549 -0.000126459 0.194078 0.000608834 -0.0355892  1.56227e+00 -3.95598e+00 2.03784e+00 -2.05360e+00
  err: 2 6 0 0 0 0 0 0 0 0 0 0 0 0 0 0 0 0 0 0 0 0 0 0 0 0 0 0 0 0  1.56227e+00 -3.95598e+00 2.03784e+00 -2.05360e+00
/DM/XENON/c11_c11#6 9.00000e+00 1.00000e+01
  val: 2 6 -2.67665 8.76078 -0.000253478 0.000472751 0.000115156 -0.000856578 0.000496232 0.237851 0.000152553 0.0011331 -0.00288525 0.00277683 -0.000884586 -1.41118 -0.00155321 -0.000229071 0.000892297 -0.000676373 1.06432 0.00329895 -0.00031298 0.000267731 -0.593991 -0.00288082 -2.73851e-05 0.222762 0.000932568 -0.0410835  1.56227e+00 -3.95598e+00 2.03784e+00 -2.05360e+00
  err: 2 6 0 0 0 0 0 0 0 0 0 0 0 0 0 0 0 0 0 0 0 0 0 0 0 0 0 0 0 0  1.56227e+00 -3.95598e+00 2.03784e+00 -2.05360e+00
/DM/XENON/c11_c11#7 1.00000e+01 1.10000e+01
  val: 2 6 -2.71337 8.7607 0.000794042 -0.00304736 0.00443221 -0.0023437 0.000191765 0.394586 -0.000186069 0.00142212 -0.000166436 -0.00316407 0.0023607 -1.5829 -0.000552791 -0.00267946 0.00493673 -0.00238071 1.19641 0.00181164 -0.000999043 -0.000223647 -0.667084 -0.00070714 0.000784418 0.248919 -0.000213457 -0.0454996  1.56227e+00 -3.95598e+00 2.03784e+00 -2.05360e+00
  err: 2 6 0 0 0 0 0 0 0 0 0 0 0 0 0 0 0 0 0 0 0 0 0 0 0 0 0 0 0 0  1.56227e+00 -3.95598e+00 2.03784e+00 -2.05360e+00
/DM/XENON/c11_c11#8 1.10000e+01 1.20000e+01
  val: 2 6 -2.76047 8.76072 0.000424164 -0.00199857 0.00399908 -0.00363501 0.00124082 0.553839 0.000183103 0.000656816 -0.000899172 0.000377664 7.88355e-07 -1.75834 -0.00173643 -0.000669107 0.00115839 -0.000507469 1.33273 0.00410614 -0.000302503 -4.40408e-05 -0.744371 -0.00372367 0.000220698 0.278146 0.00118787 -0.0509557  1.56227e+00 -3.95598e+00 2.03784e+00 -2.05360e+00
  err: 2 6 0 0 0 0 0 0 0 0 0 0 0 0 0 0 0 0 0 0 0 0 0 0 0 0 0 0 0 0  1.56227e+00 -3.95598e+00 2.03784e+00 -2.05360e+00
/DM/XENON/c11_c11#9 1.20000e+01 1.30000e+01
  val: 2 6 -2.81637 8.76052 0.00184073 -0.00627385 0.0100909 -0.00758652 0.0021344 0.715231 0.000433538 -0.000504899 0.00189892 -0.00281003 0.00138125 -1.93643 -0.00203326 -0.000277543 0.000919331 -0.000538344 1.47188 0.00443324 -0.000569656 9.39095e-05 -0.824966 -0.00383562 0.000277559 0.30997 0.00116634 -0.0572334  1.56227e+00 -3.95598e+00 2.03784e+00 -2.05360e+00
  err: 2 6 0 0 0 0 0 0 0 0 0 0 0 0 0 0 0 0 0 0 0 0 0 0 0 0 0 0 0 0  1.56227e+00 -3.95598e+00 2.03784e+00 -2.05360e+00
/DM/XENON/c11_c11#10 1.30000e+01 1.40000e+01
  val: 2 6 -2.87989 8.76062 0.000995687 -0.00317588 0.00466591 -0.00300012 0.000630042 0.878939 0.000432077 -0.000320696 0.00104411 -0.00231713 0.0014383 -2.118 -0.00185963 0.000295028 0.0016649 -0.00113416 1.61437 0.00329224 -0.00180748 0.000258959 -0.906597 -0.00204217 0.000757736 0.340701 0.000331956 -0.0627643  1.56227e+00 -3.95598e+00 2.03784e+00 -2.05360e+00
  err: 2 6 0 0 0 0 0 0 0 0 0 0 0 0 0 0 0 0 0 0 0 0 0 0 0 0 0 0 0 0  1.56227e+00 -3.95598e+00 2.03784e+00 -2.05360e+00
/DM/XENON/c11_c11#11 1.40000e+01 1.50000e+01
  val: 2 6 -2.95008 8.76081 0.000253931 -0.00227946 0.00516568 -0.00476026 0.0015658 1.04439 -0.0005312 0.00263512 -0.00290422 0.00080769 0.0002557 -2.29985 -0.000499991 -0.00366096 0.0037089 -0.00120274 1.75219 0.00351076 0.00110666 -0.000803207 -0.980228 -0.00382868 0.000165612 0.366106 0.00124724 -0.0670391  1.56227e+00 -3.95598e+00 2.03784e+00 -2.05360e+00
  err: 2 6 0 0 0 0 0 0 0 0 0 0 0 0 0 0 0 0 0 0 0 0 0 0 0 0 0 0 0 0  1.56227e+00 -3.95598e+00 2.03784e+00 -2.05360e+00
/DM/XENON/c11_c11#12 1.50000e+01 1.60000e+01
  val: 2 6 -3.02614 8.76064 0.000614051 -0.00133704 0.0010576 0.000117149 -0.000354991 1.21162 0.000415472 -0.000686245 0.00189509 -0.00261383 0.0013004 -2.48418 -0.00157951 -9.25245e-05 0.000811299 -0.000602922 1.89316 0.003216 -0.000463333 0.000164101 -1.0567 -0.00269193 0.000139721 0.3926 0.000814671 -0.0713382  1.56227e+00 -3.95598e+00 2.03784e+00 -2.05360e+00
  err: 2 6 0 0 0 0 0 0 0 0 0 0 0 0 0 0 0 0 0 0 0 0 0 0 0 0 0 0 0 0  1.56227e+00 -3.95598e+00 2.03784e+00 -2.05360e+00
/DM/XENON/c11_c11#13 1.60000e+01 1.70000e+01
  val: 2 6 -3.10749 8.76048 0.001807 -0.00610943 0.0102321 -0.00800129 0.00230248 1.38044 0.00116331 -0.00177421 0.00261197 -0.0034713 0.00187496 -2.66926 -0.0039294 0.00248923 0.00106378 -0.00104454 2.03163 0.00640284 -0.00409462 0.000269702 -1.12781 -0.0041623 0.0018697 0.414786 0.000780123 -0.0743422  1.56227e+00 -3.95598e+00 2.03784e+00 -2.05360e+00
  err: 2 6 0 0 0 0 0 0 0 0 0 0 0 0 0 0 0 0 0 0 0 0 0 0 0 0 0 0 0 0  1.56227e+00 -3.95598e+00 2.03784e+00 -2.05360e+00
/DM/XENON/c11_c11#14 1.70000e+01 1.80000e+01
  val: 2 6 -3.19365 8.76093 -0.000819637 0.00144236 -0.00131138 0.000893423 -0.000402085 1.55132 -0.000425778 0.00368631 -0.00559107 0.00239466 0.000340724 -2.85795 -0.00187849 -0.00244405 0.0051891 -0.00280068 2.17619 0.00532373 -0.00166255 0.000280277 -1.20737 -0.0043338 0.000745496 0.443731 0.00120411 -0.0795329  1.56227e+00 -3.95598e+00 2.03784e+00 -2.05360e+00
  err: 2 6 0 0 0 0 0 0 0 0 0 0 0 0 0 0 0 0 0 0 0 0 0 0 0 0 0 0 0 0  1.56227e+00 -3.95598e+00 2.03784e+00 -2.05360e+00
/DM/XENON/c11_c11#15 1.80000e+01 1.90000e+01
  val: 2 6 -3.28411 8.7605 0.00181324 -0.00588268 0.00894754 -0.0061819 0.00152228 1.72342 0.00102445 -0.00130539 0.00350454 -0.00510467 0.00245523 -3.04739 -0.00454411 0.00121648 0.00130481 -0.000714525 2.32107 0.00871826 -0.00309895 6.6018e-05 -1.28841 -0.00671926 0.00149265 0.474923 0.00175769 -0.0857078  1.56227e+00 -3.95598e+00 2.03784e+00 -2.05360e+00
  err: 2 6 0 0 0 0 0 0 0 0 0 0 0 0 0 0 0 0 0 0 0 0 0 0 0 0 0 0 0 0  1.56227e+00 -3.95598e+00 2.03784e+00 -2.05360e+00
/DM/XENON/c11_c11#16 1.90000e+01 2.00000e+01
  val: 2 6 -3.37857 8.76045 0.0021638 -0.00737077 0.0119616 -0.00894476 0.0024505 1.89727 0.00123661 -0.00117599 0.00235266 -0.00398342 0.0022277 -3.23944 -0.00555548 0.00220638 0.00157145 -0.00131375 2.46877 0.0103442 -0.00452665 0.000583328 -1.37114 -0.00780791 0.00186682 0.506296 0.00203266 -0.0917131  1.56227e+00 -3.95598e+00 2.03784e+00 -2.05360e+00
  err: 2 6 0 0 0 0 0 0 0 0 0 0 0 0 0 0 0 0 0 0 0 0 0 0 0 0 0 0 0 0  1.56227e+00 -3.95598e+00 2.03784e+00 -2.05360e+00
/DM/XENON/c11_c11#17 2.00000e+01 2.10000e+01
  val: 2 6 -3.47672 8.76036 0.00228164 -0.00650544 0.00919774 -0.00608924 0.00145692 2.0725 0.00173176 -0.00309246 0.0050457 -0.00532994 0.00241337 -3.43278 -0.00571193 0.0036614 -0.000654295 -0.000714137 2.61665 0.00953664 -0.00395367 0.00116963 -1.45282 -0.00715363 0.00111708 0.536451 0.0020025 -0.0972605  1.56227e+00 -3.95598e+00 2.03784e+00 -2.05360e+00
  err: 2 6 0 0 0 0 0 0 0 0 0 0 0 0 0 0 0 0 0 0 0 0 0 0 0 0 0 0 0 0  1.56227e+00 -3.95598e+00 2.03784e+00 -2.05360e+00
/DM/XENON/c11_c11#18 2.10000e+01 2.20000e+01
  val: 2 6 -3.57833 8.76072 0.000519978 -0.00230555 0.0037642 -0.00234161 0.000360668 2.24952 0.000116584 0.00110866 -0.000352102 -0.00236776 0.00194248 -3.6296 -0.00207434 -0.00140971 0.00379591 -0.00204579 2.77069 0.00491384 -0.00187245 2.58187e-05 -1.54196 -0.00362117 0.00114065 0.571414 0.000746482 -0.104028  1.56227e+00 -3.95598e+00 2.03784e+00 -2.05360e+00
  err: 2 6 0 0 0 0 0 0 0 0 0 0 0 0 0 0 0 0 0 0 0 0 0 0 0 0 0 0 0 0  1.56227e+00 -3.95598e+00 2.03784e+00 -2.05360e+00
/DM/XENON/c11_c11#19 2.20000e+01 2.30000e+01
  val: 2 6 -3.68312 8.7609 -2.9384e-05 -0.00223161 0.00552325 -0.00471803 0.00128547 2.42758 -0.00105976 0.00504045 -0.00575508 0.000705535 0.00138299 -3.82604 -0.000122565 -0.00603909 0.008253 -0.00343039 2.92025 0.00353008 1.05656e-05 -0.000931642 -1.62318 -0.00319634 0.000920614 0.600112 0.000723701 -0.108896  1.56227e+00 -3.95598e+00 2.03784e+00 -2.05360e+00
  err: 2 6 0 0 0 0 0 0 0 0 0 0 0 0 0 0 0 0 0 0 0 0 0 0 0 0 0 0 0 0  1.56227e+00 -3.95598e+00 2.03784e+00 -2.05360e+00
/DM/XENON/c11_c11#20 2.30000e+01 2.40000e+01
  val: 2 6 -3.79089 8.76066 0.00152621 -0.00667971 0.0116552 -0.00874193 0.00228897 2.6067 -0.00030768 0.00260107 -0.00122454 -0.0029266 0.00246139 -4.02294 -0.00218949 -0.0040811 0.00586194 -0.00261105 3.06937 0.00747911 -0.000512825 -0.000434466 -1.70472 -0.00708514 0.000872688 0.6303 0.00214957 -0.114577  1.56227e+00 -3.95598e+00 2.03784e+00 -2.05360e+00
  err: 2 6 0 0 0 0 0 0 0 0 0 0 0 0 0 0 0 0 0 0 0 0 0 0 0 0 0 0 0 0  1.56227e+00 -3.95598e+00 2.03784e+00 -2.05360e+00
/DM/XENON/c11_c11#21 2.40000e+01 2.50000e+01
  val: 2 6 -3.9015 8.76065 0.000970271 -0.00392145 0.00655067 -0.00453352 0.000988679 2.78721 0.000621093 0.000715617 -0.000588467 -0.00197303 0.0018877 -4.22244 -0.00460635 0.000627192 0.00298292 -0.00214484 3.22303 0.0096836 -0.00376834 0.000686725 -1.7912 -0.00777111 0.00155589 0.662977 0.00214964 -0.120639  1.56227e+00 -3.95598e+00 2.03784e+00 -2.05360e+00
  err: 2 6 0 0 0 0 0 0 0 0 0 0 0 0 0 0 0 0 0 0 0 0 0 0 0 0 0 0 0 0  1.56227e+00 -3.95598e+00 2.03784e+00 -2.05360e+00
/DM/XENON/c11_c11#22 2.50000e+01 2.60000e+01
  val: 2 6 -4.01481 8.76061 0.000952689 -0.00337835 0.00534809 -0.00360882 0.000775465 2.96884 0.000766656 0.000507602 8.83487e-05 -0.00258186 0.00192318 -4.42259 -0.0045416 -0.000710449 0.00395566 -0.00186604 3.37507 0.00972104 -0.00270653 -0.000452896 -1.87359 -0.00798742 0.00176069 0.692044 0.00218678 -0.125574  1.56227e+00 -3.95598e+00 2.03784e+00 -2.05360e+00
  err: 2 6 0 0 0 0 0 0 0 0 0 0 0 0 0 0 0 0 0 0 0 0 0 0 0 0 0 0 0 0  1.56227e+00 -3.95598e+00 2.03784e+00 -2.05360e+00
/DM/XENON/c11_c11#23 2.60000e+01 2.70000e+01
  val: 2 6 -4.13068 8.76069 0.000864495 -0.00422808 0.00798238 -0.0063444 0.0017347 3.15174 0.000182816 0.0029021 -0.00371471 3.83715e-05 0.0013716 -4.62408 -0.00381823 -0.00343225 0.00663762 -0.00310469 3.52748 0.00965812 -0.00128875 -0.000573885 -1.95495 -0.00847353 0.00116674 0.719804 0.00250596 -0.130017  1.56227e+00 -3.95598e+00 2.03784e+00 -2.05360e+00
  err: 2 6 0 0 0 0 0 0 0 0 0 0 0 0 0 0 0 0 0 0 0 0 0 0 0 0 0 0 0 0  1.56227e+00 -3.95598e+00 2.03784e+00 -2.05360e+00
/DM/XENON/c11_c11#24 2.70000e+01 2.80000e+01
  val: 2 6 -4.249 8.76063 0.00146084 -0.00634005 0.0113594 -0.00877745 0.00236303 3.33588 0.000214009 0.00213735 -0.00194359 -0.00206403 0.00247498 -4.82839 -0.00337381 -0.0020171 0.00552474 -0.00348949 3.68723 0.00764237 -0.00217534 0.000716454 -2.04868 -0.0060128 0.000792351 0.758002 0.00164536 -0.137858  1.56227e+00 -3.95598e+00 2.03784e+00 -2.05360e+00
  err: 2 6 0 0 0 0 0 0 0 0 0 0 0 0 0 0 0 0 0 0 0 0 0 0 0 0 0 0 0 0  1.56227e+00 -3.95598e+00 2.03784e+00 -2.05360e+00
/DM/XENON/c11_c11#25 2.80000e+01 2.90000e+01
  val: 2 6 -4.36967 8.76073 0.000820987 -0.00451747 0.00861781 -0.00667345 0.00170906 3.52105 7.66903e-05 0.00260531 -0.00212891 -0.00223354 0.00255772 -5.03286 -0.00356615 -0.00302865 0.00604288 -0.00335731 3.84313 0.00910434 -0.00144225 0.000205393 -2.13368 -0.0079867 0.000805378 0.7882 0.00242044 -0.143012  1.56227e+00 -3.95598e+00 2.03784e+00 -2.05360e+00
  err: 2 6 0 0 0 0 0 0 0 0 0 0 0 0 0 0 0 0 0 0 0 0 0 0 0 0 0 0 0 0  1.56227e+00 -3.95598e+00 2.03784e+00 -2.05360e+00
/DM/XENON/c11_c11#26 2.90000e+01 3.00000e+01
  val: 2 6 -4.49261 8.76076 0.000837302 -0.00545388 0.0112398 -0.0093364 0.0026424 3.70743 -6.47033e-05 0.00462646 -0.00570583 -0.000147026 0.00220148 -5.23999 -0.0047508 -0.00392953 0.00918739 -0.00452673 4.00612 0.0117431 -0.00358036 -0.000206149 -2.23088 -0.00925944 0.00213854 0.828749 0.00234968 -0.151508  1.56227e+00 -3.95598e+00 2.03784e+00 -2.05360e+00
  err: 2 6 0 0 0 0 0 0 0 0 0 0 0 0 0 0 0 0 0 0 0 0 0 0 0 0 0 0 0 0  1.56227e+00 -3.95598e+00 2.03784e+00 -2.05360e+00
/DM/XENON/c1_c1#0 3.00000e+00 4.00000e+00
  val: 2 6 -3.84781 13.3628 0.000693078 -0.00127102 0.00102042 -0.000375879 7.14539e-05 -0.644727 -0.000455434 -0.000863532 0.00287788 -0.00179154 8.95545e-05 -0.45953 0.00402009 -0.00339954 -0.000917204 0.00125952 0.336608 -0.00717347 0.0059038 -0.00122136 -0.186563 0.00484454 -0.00201537 0.0712192 -0.00117978 -0.0135511  1.56227e+00 -5.97088e+00 2.03784e+00 -3.06917e+00
  err: 2 6 0 0 0 0 0 0 0 0 0 0 0 0 0 0 0 0 0 0 0 0 0 0 0 0 0 0 0 0  1.56227e+00 -5.97088e+00 2.03784e+00 -3.06917e+00
/DM/XENON/c1_c1#1 4.00000e+00 5.00000e+00
  val: 2 6 -3.97635 13.3628 0.000220202 3.90593e-05 -0.000888723 0.00100104 -0.000308148 -0.50622 -0.000702523 0.000578828 0.000995232 -0.00125087 0.000251092 -0.605971 0.00382023 -0.00554052 0.0023587 -2.28679e-05 0.447777 -0.00560697 0.00587906 -0.00162665 -0.250427 0.00330509 -0.00179373 0.0967408 -0.000666807 -0.018718  1.56227e+00 -5.97088e+00 2.03784e+00 -3.06917e+00
  err: 2 6 0 0 0 0 0 0 0 0 0 0 0 0 0 0 0 0 0 0 0 0 0 0 0 0 0 0 0 0  1.56227e+00 -5.97088e+00 2.03784e+00 -3.06917e+00
/DM/XENON/c1_c1#2 5.00000e+00 6.00000e+00
  val: 2 6 -4.10641 13.3629 -0.000221899 0.00179246 -0.00423796 0.00407906 -0.00139421 -0.363935 -0.000223523 -0.000878988 0.0026031 -0.00210922 0.000480238 -0.758396 0.00259191 -0.00230804 -0.000106462 0.000562772 0.564449 -0.0047635 0.00379448 -0.000844876 -0.315854 0.00332654 -0.00130403 0.120638 -0.000843027 -0.0228172  1.56227e+00 -5.97088e+00 2.03784e+00 -3.06917e+00
  err: 2 6 0 0 0 0 0 0 0 0 0 0 0 0 0 0 0 0 0 0 0 0 0 0 0 0 0 0 0 0  1.56227e+00 -5.97088e+00 2.03784e+00 -3.06917e+00
/DM/XENON/c1_c1#3 6.00000e+00 7.00000e+00
  val: 2 6 -4.23793 13.3628 0.000451647 -0.000953021 0.000787915 -0.000166264 -4.5064e-05 -0.218327 -0.000423122 -4.09628e-05 0.00207841 -0.00248479 0.000822104 -0.915344 0.00278479 -0.00459033 0.00187946 4.36443e-05 0.684657 -0.00372839 0.0052002 -0.00147256 -0.383208 0.00154555 -0.00160246 0.145642 -2.40017e-05 -0.0273599  1.56227e+00 -5.97088e+00 2.03784e+00 -3.06917e+00
  err: 2 6 0 0 0 0 0 0 0 0 0 0 0 0 0 0 0 0 0 0 0 0 0 0 0 0 0 0 0 0  1.56227e+00 -5.97088e+00 2.03784e+00 -3.06917e+00
/DM/XENON/c1_c1#4 7.00000e+00 8.00000e+00
  val: 2 6 -4.37086 13.3628 0.000382879 -0.000439355 -0.000242743 0.000676797 -0.000292751 -0.0693847 -0.000601506 0.000198157 0.00187352 -0.00239744 0.000850078 -1.07803 0.00370676 -0.00564701 0.00269089 -0.000436648 0.812929 -0.00532149 0.00609526 -0.0013185 -0.459488 0.00283178 -0.00221399 0.176668 -0.000322745 -0.0336154  1.56227e+00 -5.97088e+00 2.03784e+00 -3.06917e+00
  err: 2 6 0 0 0 0 0 0 0 0 0 0 0 0 0 0 0 0 0 0 0 0 0 0 0 0 0 0 0 0  1.56227e+00 -5.97088e+00 2.03784e+00 -3.06917e+00
/DM/XENON/c1_c1#5 8.00000e+00 9.00000e+00
  val: 2 6 -4.50515 13.3629 -0.000119984 0.000841591 -0.00201015 0.00192022 -0.000641071 0.0822884 -0.000909399 0.00115305 0.000446324 -0.000926919 0.000247741 -1.24336 0.00432384 -0.00658562 0.00217627 -6.70666e-05 0.940502 -0.00607857 0.00778884 -0.00143226 -0.531476 0.00291127 -0.00290285 0.203806 -0.000162298 -0.0386832  1.56227e+00 -5.97088e+00 2.03784e+00 -3.06917e+00
  err: 2 6 0 0 0 0 0 0 0 0 0 0 0 0 0 0 0 0 0 0 0 0 0 0 0 0 0 0 0 0  1.56227e+00 -5.97088e+00 2.03784e+00 -3.06917e+00
/DM/XENON/c1_c1#6 9.00000e+00 1.00000e+01
  val: 2 6 -4.64075 13.363 -0.000455604 0.00171534 -0.00318966 0.00276027 -0.000888067 0.236488 -0.000820515 0.00132429 5.71355e-06 -0.000966802 0.000367338 -1.41116 0.00346744 -0.00578307 0.00310734 -0.000406434 1.0678 -0.00473426 0.00530677 -0.00145664 -0.600018 0.00276046 -0.00166153 0.227362 -0.000522357 -0.042474  1.56227e+00 -5.97088e+00 2.03784e+00 -3.06917e+00
  err: 2 6 0 0 0 0 0 0 0 0 0 0 0 0 0 0 0 0 0 0 0 0 0 0 0 0 0 0 0 0  1.56227e+00 -5.97088e+00 2.03784e+00 -3.06917e+00
/DM/XENON/c1_c1#7 1.00000e+01 1.10000e+01
  val: 2 6 -4.77762 13.3629 -0.000178616 2.78892e-06 0.000665625 -0.000968061 0.000430764 0.393204 -0.000734277 0.00290483 -0.00284971 0.000819932 4.11254e-05 -1.58261 0.00150746 -0.00684982 0.00525925 -0.00140046 1.19997 0.000189525 0.00516474 -0.00150032 -0.67501 -0.00226949 -0.00169743 0.256394 0.00141007 -0.048171  1.56227e+00 -5.97088e+00 2.03784e+00 -3.06917e+00
  err: 2 6 0 0 0 0 0 0 0 0 0 0 0 0 0 0 0 0 0 0 0 0 0 0 0 0 0 0 0 0  1.56227e+00 -5.97088e+00 2.03784e+00 -3.06917e+00
/DM/XENON/c1_c1#8 1.10000e+01 1.20000e+01
  val: 2 6 -4.91573 13.3628 0.000195931 -8.63615e-05 -0.000627864 0.000986606 -0.000420142 0.552546 -0.000312419 0.000530466 0.000777993 -0.00182141 0.000915034 -1.75832 0.00198945 -0.00467861 0.00303324 -0.000977795 1.33644 -0.00242036 0.00485888 -0.000834354 -0.751386 0.000550888 -0.00206055 0.284035 0.000439877 -0.0528972  1.56227e+00 -5.97088e+00 2.03784e+00 -3.06917e+00
  err: 2 6 0 0 0 0 0 0 0 0 0 0 0 0 0 0 0 0 0 0 0 0 0 0 0 0 0 0 0 0  1.56227e+00 -5.97088e+00 2.03784e+00 -3.06917e+00
/DM/XENON/c1_c1#9 1.20000e+01 1.30000e+01
  val: 2 6 -5.05506 13.3629 2.20778e-06 0.000211438 -0.000469516 0.000286029 -1.1706e-05 0.714132 -0.000517258 0.0014035 -0.000819562 -8.34718e-05 8.22167e-05 -1.93738 0.00282323 -0.00667747 0.00412461 -0.000810245 1.47802 -0.0036853 0.00678641 -0.00189193 -0.834764 0.00148582 -0.00229854 0.317169 5.527e-05 -0.05932  1.56227e+00 -5.97088e+00 2.03784e+00 -3.06917e+00
  err: 2 6 0 0 0 0 0 0 0 0 0 0 0 0 0 0 0 0 0 0 0 0 0 0 0 0 0 0 0 0  1.56227e+00 -5.97088e+00 2.03784e+00 -3.06917e+00
/DM/XENON/c1_c1#10 1.30000e+01 1.40000e+01
  val: 2 6 -5.19556 13.363 -0.000437658 0.000832326 -0.000949348 0.000679049 -0.000226974 0.877684 -0.000972662 0.00293531 -0.00219887 8.57904e-05 0.0003943 -2.11741 0.0028256 -0.00831768 0.00527937 -0.00147209 1.61609 -0.00196584 0.00748101 -0.00153614 -0.910985 -0.000950949 -0.00278826 0.345154 0.0011932 -0.0644683  1.56227e+00 -5.97088e+00 2.03784e+00 -3.06917e+00
  err: 2 6 0 0 0 0 0 0 0 0 0 0 0 0 0 0 0 0 0 0 0 0 0 0 0 0 0 0 0 0  1.56227e+00 -5.97088e+00 2.03784e+00 -3.06917e+00
/DM/XENON/c1_c1#11 1.40000e+01 1.50000e+01
  val: 2 6 -5.33721 13.3629 1.48341e-06 0.000366856 -0.0010928 0.00111415 -0.000382365 1.04337 -0.00083613 0.000588534 0.00135693 -0.00191475 0.000678466 -2.30127 0.0048203 -0.0061736 0.00243653 -0.000171621 1.75945 -0.0078639 0.00714396 -0.00162401 -0.990983 0.00523118 -0.00248895 0.373396 -0.00120405 -0.0689707  1.56227e+00 -5.97088e+00 2.03784e+00 -3.06917e+00
  err: 2 6 0 0 0 0 0 0 0 0 0 0 0 0 0 0 0 0 0 0 0 0 0 0 0 0 0 0 0 0  1.56227e+00 -5.97088e+00 2.03784e+00 -3.06917e+00
/DM/XENON/c1_c1#12 1.50000e+01 1.60000e+01
  val: 2 6 -5.47997 13.3629 0.000409923 -0.00157887 0.00295825 -0.00277494 0.0010384 1.21038 -0.00043637 0.00117403 -0.000364195 1.71692e-06 -0.000306622 -2.48384 0.00160283 -0.00503295 0.00206313 0.000426997 1.89589 -0.000886994 0.00547156 -0.00191112 -1.06255 -0.00122719 -0.00152616 0.397851 0.000926769 -0.0731302  1.56227e+00 -5.97088e+00 2.03784e+00 -3.06917e+00
  err: 2 6 0 0 0 0 0 0 0 0 0 0 0 0 0 0 0 0 0 0 0 0 0 0 0 0 0 0 0 0  1.56227e+00 -5.97088e+00 2.03784e+00 -3.06917e+00
/DM/XENON/c1_c1#13 1.60000e+01 1.70000e+01
  val: 2 6 -5.62386 13.3629 -0.000386553 0.00160487 -0.00315902 0.00287418 -0.00097576 1.3796 -0.00115458 0.00300329 -0.00209906 -6.16667e-05 0.000400233 -2.67119 0.00396256 -0.00914552 0.00598218 -0.00154156 2.04065 -0.00405219 0.007819 -0.00188975 -1.14286 0.00096397 -0.0026818 0.426848 0.000491801 -0.0781587  1.56227e+00 -5.97088e+00 2.03784e+00 -3.06917e+00
  err: 2 6 0 0 0 0 0 0 0 0 0 0 0 0 0 0 0 0 0 0 0 0 0 0 0 0 0 0 0 0  1.56227e+00 -5.97088e+00 2.03784e+00 -3.06917e+00
/DM/XENON/c1_c1#14 1.70000e+01 1.80000e+01
  val: 2 6 -5.76883 13.363 -0.000630343 0.00149474 -0.00223513 0.00176832 -0.000520705 1.55022 -0.00127968 0.0038358 -0.00250493 -0.000430181 0.000461943 -2.85857 0.00315213 -0.0105931 0.00762535 -0.00142818 2.18199 -0.0012681 0.00787475 -0.00301101 -1.21821 -0.00168523 -0.00198079 0.452996 0.0012055 -0.082589  1.56227e+00 -5.97088e+00 2.03784e+00 -3.06917e+00
  err: 2 6 0 0 0 0 0 0 0 0 0 0 0 0 0 0 0 0 0 0 0 0 0 0 0 0 0 0 0 0  1.56227e+00 -5.97088e+00 2.03784e+00 -3.06917e+00
/DM/XENON/c1_c1#15 1.80000e+01 1.90000e+01
  val: 2 6 -5.91488 13.363 -0.000694858 0.00130948 -0.00118445 0.000391342 3.34127e-05 1.72266 -0.00151059 0.00447997 -0.00464341 0.00199711 -0.000332446 -3.04968 0.00507763 -0.0109115 0.00739091 -0.00179284 2.33006 -0.00649893 0.00954311 -0.00245974 -1.30131 0.00317139 -0.00337181 0.48386 -0.000165987 -0.0882242  1.56227e+00 -5.97088e+00 2.03784e+00 -3.06917e+00
  err: 2 6 0 0 0 0 0 0 0 0 0 0 0 0 0 0 0 0 0 0 0 0 0 0 0 0 0 0 0 0  1.56227e+00 -5.97088e+00 2.03784e+00 -3.06917e+00
/DM/XENON/c1_c1#16 1.90000e+01 2.00000e+01
  val: 2 6 -6.06197 13.3629 0.000361168 -0.00109251 0.000956458 3.80684e-05 -0.000252168 1.89643 -0.000774258 0.00166143 0.00101003 -0.00318752 0.00158255 -3.24145 0.00289843 -0.00894977 0.00562491 -0.00168215 2.47817 -0.00187091 0.00835467 -0.00141852 -1.38688 -0.00132884 -0.00341538 0.518962 0.00149532 -0.0957378  1.56227e+00 -5.97088e+00 2.03784e+00 -3.06917e+00
  err: 2 6 0 0 0 0 0 0 0 0 0 0 0 0 0 0 0 0 0 0 0 0 0 0 0 0 0 0 0 0  1.56227e+00 -5.97088e+00 2.03784e+00 -3.06917e+00
/DM/XENON/c1_c1#17 2.00000e+01 2.10000e+01
  val: 2 6 -6.21012 13.363 -7.35059e-05 -0.000257136 0.00028728 0.000136745 -0.000157771 2.07172 -0.00156828 0.00456361 -0.00284599 -0.000966921 0.00100442 -3.43455 0.0045497 -0.0135036 0.00966107 -0.00244008 2.62411 -0.00320613 0.0107791 -0.00307001 -1.46414 -0.000825917 -0.0034787 0.544869 0.00133215 -0.0997973  1.56227e+00 -5.97088e+00 2.03784e+00 -3.06917e+00
  err: 2 6 0 0 0 0 0 0 0 0 0 0 0 0 0 0 0 0 0 0 0 0 0 0 0 0 0 0 0 0  1.56227e+00 -5.97088e+00 2.03784e+00 -3.06917e+00
/DM/XENON/c1_c1#18 2.10000e+01 2.20000e+01
  val: 2 6 -6.35932 13.3632 -0.00156273 0.00401004 -0.00572667 0.00426066 -0.00125955 2.24838 -0.00176054 0.00598807 -0.0052079 0.000739163 0.000538141 -3.62969 0.00425645 -0.0149364 0.011122 -0.00288892 2.77429 -0.00182763 0.0114664 -0.00339622 -1.54882 -0.00249666 -0.00364136 0.577396 0.00203019 -0.106104  1.56227e+00 -5.97088e+00 2.03784e+00 -3.06917e+00
  err: 2 6 0 0 0 0 0 0 0 0 0 0 0 0 0 0 0 0 0 0 0 0 0 0 0 0 0 0 0 0  1.56227e+00 -5.97088e+00 2.03784e+00 -3.06917e+00
/DM/XENON/c1_c1#19 2.20000e+01 2.30000e+01
  val: 2 6 -6.50953 13.3629 -7.76243e-05 0.00016029 -0.00068624 0.00107994 -0.000510918 2.42647 -0.000857176 0.00211726 0.000312253 -0.00293958 0.00151123 -3.82726 0.00357975 -0.0097423 0.00671741 -0.00153564 2.92857 -0.00377147 0.00846376 -0.00244029 -1.63819 0.00100491 -0.00282174 0.612574 0.000392725 -0.112908  1.56227e+00 -5.97088e+00 2.03784e+00 -3.06917e+00
  err: 2 6 0 0 0 0 0 0 0 0 0 0 0 0 0 0 0 0 0 0 0 0 0 0 0 0 0 0 0 0  1.56227e+00 -5.97088e+00 2.03784e+00 -3.06917e+00
/DM/XENON/c1_c1#20 2.30000e+01 2.40000e+01
  val: 2 6 -6.66078 13.3629 0.000270286 -0.00197118 0.00398775 -0.00342225 0.00109307 2.60578 -0.00133587 0.0041943 -0.00268758 -0.00112208 0.00118525 -4.02523 0.00375093 -0.0123703 0.00951546 -0.00265982 3.08037 -0.00221481 0.0094238 -0.00280462 -1.7231 -0.001212 -0.00296639 0.644781 0.0012922 -0.119047  1.56227e+00 -5.97088e+00 2.03784e+00 -3.06917e+00
  err: 2 6 0 0 0 0 0 0 0 0 0 0 0 0 0 0 0 0 0 0 0 0 0 0 0 0 0 0 0 0  1.56227e+00 -5.97088e+00 2.03784e+00 -3.06917e+00
/DM/XENON/c1_c1#21 2.40000e+01 2.50000e+01
  val: 2 6 -6.81304 13.363 -0.000373705 0.000506862 -0.000281034 -5.53445e-05 0.000116148 2.78617 -0.000724425 0.0035122 -0.00388158 0.00163215 -0.000280427 -4.22378 0.00116394 -0.00797879 0.00660347 -0.00178148 3.23095 0.00112906 0.00575756 -0.00189063 -1.80472 -0.00306721 -0.00184825 0.673784 0.00163571 -0.12404  1.56227e+00 -5.97088e+00 2.03784e+00 -3.06917e+00
  err: 2 6 0 0 0 0 0 0 0 0 0 0 0 0 0 0 0 0 0 0 0 0 0 0 0 0 0 0 0 0  1.56227e+00 -5.97088e+00 2.03784e+00 -3.06917e+00
/DM/XENON/c1_c1#22 2.50000e+01 2.60000e+01
  val: 2 6 -6.96632 13.3629 -0.00020192 8.40951e-05 0.000319002 -0.000479345 0.000215816 2.96793 -0.00113092 0.00410198 -0.00373015 0.00118705 -0.000115319 -4.42439 0.00273913 -0.0110943 0.00759441 -0.00171562 3.38382 -0.000188322 0.00925953 -0.00268417 -1.88808 -0.00343155 -0.00298871 0.70357 0.00218743 -0.129208  1.56227e+00 -5.97088e+00 2.03784e+00 -3.06917e+00
  err: 2 6 0 0 0 0 0 0 0 0 0 0 0 0 0 0 0 0 0 0 0 0 0 0 0 0 0 0 0 0  1.56227e+00 -5.97088e+00 2.03784e+00 -3.06917e+00
/DM/XENON/c1_c1#23 2.60000e+01 2.70000e+01
  val: 2 6 -7.12064 13.363 -0.000816493 0.00247888 -0.00445047 0.0039262 -0.00128343 3.1511 -0.00206428 0.0054016 -0.00314074 -0.000858428 0.000780158 -4.62807 0.00594094 -0.016 0.0104646 -0.00212459 3.54304 -0.00420877 0.0130139 -0.00381933 -1.98007 -0.001043 -0.00402445 0.739497 0.00166227 -0.136112  1.56227e+00 -5.97088e+00 2.03784e+00 -3.06917e+00
  err: 2 6 0 0 0 0 0 0 0 0 0 0 0 0 0 0 0 0 0 0 0 0 0 0 0 0 0 0 0 0  1.56227e+00 -5.97088e+00 2.03784e+00 -3.06917e+00
/DM/XENON/c1_c1#24 2.70000e+01 2.80000e+01
  val: 2 6 -7.27597 13.363 -0.000451431 0.000446941 -0.000233495 0.000122129 -2.4356e-05 3.33506 -0.00199879 0.00604526 -0.00457956 1.1017e-05 0.000680282 -4.83099 0.00514887 -0.0160911 0.0119592 -0.00292711 3.69835 -0.00278536 0.0118589 -0.00372716 -2.06682 -0.00179913 -0.00358016 0.772369 0.00176273 -0.142374  1.56227e+00 -5.97088e+00 2.03784e+00 -3.06917e+00
  err: 2 6 0 0 0 0 0 0 0 0 0 0 0 0 0 0 0 0 0 0 0 0 0 0 0 0 0 0 0 0  1.56227e+00 -5.97088e+00 2.03784e+00 -3.06917e+00
/DM/XENON/c1_c1#25 2.80000e+01 2.90000e+01
  val: 2 6 -7.43233 13.3631 -0.000922287 0.00122468 -0.000395031 -0.00051329 0.000386566 3.52023 -0.0022782 0.00790695 -0.00815132 0.00318443 -0.000539817 -5.03617 0.00562545 -0.0178736 0.0135918 -0.00289822 3.85793 -0.00388417 0.0129372 -0.00493686 -2.15902 -0.000395207 -0.00334886 0.808766 0.0010173 -0.149495  1.56227e+00 -5.97088e+00 2.03784e+00 -3.06917e+00
  err: 2 6 0 0 0 0 0 0 0 0 0 0 0 0 0 0 0 0 0 0 0 0 0 0 0 0 0 0 0 0  1.56227e+00 -5.97088e+00 2.03784e+00 -3.06917e+00
/DM/XENON/c1_c1#26 2.90000e+01 3.00000e+01
  val: 2 6 -7.58972 13.3632 -0.00128159 0.0019674 -0.0010807 -0.000302411 0.000413559 3.70642 -0.00180002 0.00805716 -0.00911266 0.0039862 -0.000732151 -5.24208 0.0023914 -0.0158503 0.0130352 -0.00305444 4.01692 0.00237769 0.0107209 -0.00419907 -2.24961 -0.00587502 -0.00289984 0.844076 0.00292281 -0.156412  1.56227e+00 -5.97088e+00 2.03784e+00 -3.06917e+00
  err: 2 6 0 0 0 0 0 0 0 0 0 0 0 0 0 0 0 0 0 0 0 0 0 0 0 0 0 0 0 0  1.56227e+00 -5.97088e+00 2.03784e+00 -3.06917e+00
